12
(2,8.5),(2.2,8),(3.5,8),(4,8.5),(3,9),C
(5.5,10),(3,10),(3,9),(4,8.5),(3.5,8),(5.5,8),B
(4.5,8),(2.5,8),(2.5,7),(4.5,6.3),V
(2,8),(2,5.5),(2.5,5.5),(2.5,8),J
(2.5,7),(2.5,5.5),(7,5.5),V
(2.5,5.5),(2.5,3),(3.1,3),(3.5,4),(4.5,4),(4,3),(5,3),(5,5),(3.5,5),(3.5,5.5),S
(2.7,2),(3.7,2),(4.5,4),(3.5,4),S
(3.5,5.5),(3.5,5),(9,5),(9,5.5),B
(5,5),(5,3),(7,3),(7,5),V
(0,10),(0,5),(2.5,5),(2.5,5.5),(2,5.5),(2,8),(2.2,8),(2,8.5),(3,9),(3,10),S
(5.5,10),(5.5,8),(4.5,8),(4.5,6.3),(7,5.5),(9,5.5),(9,5),(10,5),(10,10),S
(0,5),(0,0),(10,0),(10,5),(7,5),(7,3),(4.1,3),(3.7,2),(2.7,2),(3.1,3),(2.5,3),(2.5,5),J
1
10,6,4,2,(6.5,4),(3.2,8.5),4
